float LQR_K[4][10] = {{-1.5450,-3.9164,-0.5550,-0.5451,-19.6829,-6.8039,-8.5686,-0.8699,-45.8741,-4.6783},
{-1.5450,-3.9164,0.5550,0.5451,-8.5686,-0.8699,-19.6829,-6.8039,-45.8741,-4.6783},
{5.1116,12.8851,-1.3854,-1.4166,66.5000,25.3279,7.2063,-0.2465,-137.8709,-11.9374},
{5.1116,12.8851,1.3854,1.4166,7.2063,-0.2465,66.5000,25.3279,-137.8709,-11.9374}};
float A_matrix[4][10] = {{0.0000,1.0000,0.0000,0.0000,0.0000,0.0000,0.0000,0.0000,0.0000,0.0000},
{0.0000,0.0000,0.0000,0.0000,-24.7338,0.0000,-24.7338,0.0000,0.0000,0.0000},
{0.0000,0.0000,0.0000,1.0000,0.0000,0.0000,0.0000,0.0000,0.0000,0.0000},
{0.0000,0.0000,0.0000,0.0000,-3.2908,0.0000,3.2908,0.0000,0.0000,0.0000}};
float B_matrix[4][4] = {{0.0000,0.0000,0.0000,0.0000},
{4.7641,4.7641,-1.6751,-1.6751},
{0.0000,0.0000,0.0000,0.0000},
{-3.0238,3.0238,-0.2229,0.2229}};
